1.155295835523162395e+00
1.170592021515674430e+00
1.152282742653616410e+00
1.182524590050449520e+00
1.187119014700661612e+00
1.206109801484152033e+00
1.212855853002721362e+00
1.208469926082856194e+00
1.203717168689402817e+00
1.180008460465341802e+00
1.180597673059634589e+00
1.167521686687144289e+00
1.168673169906971232e+00
1.155322944567849675e+00
1.162981318751830084e+00
1.160033324993657855e+00
1.160760343422449381e+00
1.150462035416033091e+00
1.160124847371943879e+00
1.144244340498125956e+00
1.155013895492112530e+00
1.143209653821272598e+00
1.150800405719093034e+00
1.149303697909002331e+00
1.146000329183115340e+00
1.143244720012650317e+00
1.148764967929176928e+00
1.134018721763562221e+00
1.143671807829476306e+00
1.135237285317584277e+00
1.140062054251685941e+00
1.146612334616119222e+00
1.140592806744789689e+00
1.153801120537972791e+00
1.143086458483978163e+00
1.156367510093628148e+00
1.157440623791626821e+00
1.151710625412011080e+00
1.157158488842694899e+00
1.156053048532992733e+00
1.150746828880677253e+00
1.154177370033238281e+00
1.139774866560441691e+00
1.146751433726864500e+00
1.131673777125904445e+00
1.132454081108846600e+00
1.147006914556688351e+00
1.132282828808435227e+00
1.122593759057151752e+00
1.133816120376318626e+00
1.128267437793556649e+00
1.129779656486332495e+00
1.134740229991144433e+00
1.121730556066843132e+00
1.128821720123419192e+00
1.123935167662190038e+00
1.116834402083739075e+00
1.159053876240868641e+00
1.125412906122327472e+00
1.116625603724729743e+00
1.113763526841993645e+00
1.121589270808680983e+00
1.112840150563373154e+00
1.111241193019481432e+00
1.118770857777125149e+00
1.111745741083037808e+00
1.108985459836436371e+00
1.117085741282540123e+00
1.154128223812933118e+00
1.112191908883603642e+00
1.107180249300190100e+00
1.115324330441050282e+00
1.113760668462405956e+00
1.106579214685254442e+00
1.113292662256562204e+00
1.115432009060996599e+00
1.107113940151179143e+00
1.110920320208091505e+00
1.116455747374528906e+00
1.161956184335177111e+00
1.108688177950257758e+00
1.108686632486292734e+00
1.116463741932732345e+00
1.110845733638858857e+00
1.107087574828060195e+00
1.115432792104023019e+00
1.113161769020654557e+00
1.106414052481485166e+00
1.113557875158741162e+00
1.114739997371026581e+00
1.166534349858402431e+00
1.107156374506204299e+00
1.111189799061671257e+00
1.115467761847261485e+00
1.108388518069128414e+00
1.109177529455402045e+00
1.115816646478439145e+00
1.110085993818545003e+00
1.107883833587583133e+00
1.115343963545842643e+00
1.112161021968674612e+00
1.106943646492212885e+00
1.114109469036492994e+00
1.114111967914263701e+00
1.107317626187710013e+00
1.111914385436149733e+00
1.115681087360697044e+00
1.108487928144931134e+00
1.110616079931954436e+00
1.116783348769486262e+00
1.110879829477386060e+00
1.110944134408545780e+00
1.119062528896929587e+00
1.114895200865479330e+00
1.115864240713198230e+00
1.126261418640104539e+00
1.123202201634193820e+00
1.132238838262133784e+00
1.143609087584308348e+00
1.149301285755613744e+00
1.174173487108325364e+00
1.175298128489609573e+00
1.180810208208016965e+00
1.189091052386216374e+00
1.219703611488354378e+00
1.236639038346211805e+00
1.264886701550967940e+00
1.237936756663943649e+00
1.188910598852420897e+00
1.199897191382025330e+00
1.156574962859265865e+00
1.167482494089563838e+00
1.138025306575342510e+00
1.130394577809334278e+00
1.139288018571936068e+00
1.106050763663219305e+00
1.122053316087831654e+00
1.124889112956767745e+00
1.100613648866712202e+00
1.115525391770522567e+00
1.125519596984008830e+00
1.101887055018939465e+00
1.110075752050340148e+00
1.126707189109688922e+00
1.105595539936509608e+00
1.103985289195151820e+00
1.126064209832500218e+00
1.111066002797520103e+00
1.099885236605069316e+00
1.123219840506618050e+00
1.117047807687751693e+00
1.098127758201829618e+00
1.118379481969075995e+00
1.122154321012018396e+00
1.099876171829913263e+00
1.111762666783088216e+00
1.124725608524173914e+00
1.103410964337812716e+00
1.105981933603760847e+00
1.125357705050366919e+00
1.108728145389038078e+00
1.174852856920555633e+00
1.151603138706225105e+00
1.190501064320952596e+00
1.177271570726451166e+00
1.175182240655238131e+00
1.178585137017538420e+00
1.189303435710996837e+00
1.183273296562107779e+00
1.203588137366214061e+00
1.190683854481323634e+00
1.188227662591508027e+00
1.189243656282591655e+00
1.181418533308451035e+00
1.161758762026466885e+00
1.194072019581047250e+00
1.184492331141776100e+00
1.204693017542636913e+00
1.174868358710159377e+00
1.181947600157063683e+00
1.175257972157526254e+00
1.160552778480512526e+00
1.176568670278802520e+00
1.141321918973839278e+00
1.184928267222626896e+00
1.193692133650792186e+00
1.140125816276414072e+00
1.196649477036495268e+00
1.150271678138526044e+00
1.209376186960603006e+00
1.169107009888121551e+00
1.233406106903229382e+00
1.174343923553124780e+00
1.227124246432345300e+00
1.167084015252773721e+00
1.218806570508171205e+00
1.144560921152453448e+00
1.169516573292164852e+00
1.221881672300543675e+00
1.179350149335190112e+00
1.215775217084424931e+00
1.180894761475813848e+00
1.225691450253707293e+00
1.201892260042248139e+00
1.211706136127141953e+00
1.225099397065699147e+00
1.173514071479161647e+00
1.190634631150524037e+00
1.199828298468765597e+00
1.153273822870221954e+00
1.179580623818149876e+00
1.152900478442059118e+00
1.161966816694792293e+00
1.168022819411601576e+00
1.151777480237850648e+00
1.184720325879133007e+00
1.147370243492237041e+00
1.205382926167404278e+00
1.126311729457968980e+00
1.170398514212557473e+00
1.215255494596452213e+00
1.163322096188100341e+00
1.195137592938008808e+00
1.150924718455562656e+00
1.194271325433917452e+00
1.143603404503670040e+00
1.200378736308942207e+00
1.149378435934621745e+00
1.215632375767661255e+00
1.186271327575680434e+00
1.168093875923637226e+00
1.225288992885003925e+00
1.173436123480525284e+00
1.204336820190237578e+00
1.147195799183804210e+00
1.199487097170486516e+00
1.138311053052633026e+00
1.192993715071859917e+00
1.129381530382082888e+00
1.190430125480523627e+00
1.130242663589478003e+00
1.137882113813484031e+00
1.200129069947510452e+00
1.156795985639067936e+00
1.224390692699880878e+00
1.167487944228609908e+00
1.216673340634445655e+00
1.148360534878198669e+00
1.206778145027063820e+00
1.139646622321935254e+00
1.185905098238073441e+00
1.179330565765730254e+00
1.138625129384540635e+00
1.165845934957721930e+00
1.156981148645134239e+00
1.155432335542286859e+00
1.181711363549317939e+00
1.170014632528653564e+00
1.200874381707450311e+00
1.177399707703898457e+00
1.209489494877659777e+00
1.194957583246683885e+00
1.190365166365238592e+00
1.180473779155320591e+00
1.175503124018465462e+00
1.165145955591963434e+00
1.181204266205884812e+00
1.155508517530401624e+00
1.195534378218637839e+00
1.166128069654952304e+00
1.209806161241400391e+00
1.188239401564711084e+00
1.197432455927046835e+00
1.189025005309585215e+00
1.189173403036360988e+00
1.172467416028999176e+00
1.167884708257734605e+00
1.147580926648480437e+00
1.172650437862541084e+00
1.129987742870556477e+00
1.180790417276109006e+00
1.168268190555708852e+00
1.209995479651887917e+00
1.169064505463896841e+00
1.216175129731968951e+00
1.176923801814687476e+00
1.213545739701248349e+00
1.199036684431014743e+00
1.200330718202283986e+00
1.226725209123693094e+00
1.183999212124078326e+00
1.280316275915480917e+00
1.165504670629261774e+00
1.299730715394521230e+00
1.156172910320006020e+00
1.252490002332762087e+00
1.160466016869774908e+00
1.227400420218608623e+00
1.180458526832605326e+00
1.212091884209617776e+00
1.220607438122845778e+00
1.179284524443445115e+00
1.224111641984557464e+00
1.165486722098598715e+00
1.238592527830824519e+00
1.159445822381899083e+00
1.248504253711046674e+00
1.139709110190601837e+00
1.246112205435327969e+00
1.142221819457462484e+00
1.257009021202790233e+00
1.167674813602509465e+00
1.259898842562623855e+00
1.231220903752576090e+00
1.218620784481557751e+00
1.287284617824513644e+00
1.168603436367531945e+00
1.285139616274075136e+00
1.187152729698443210e+00
1.247002951098798773e+00
1.228632469299302699e+00
1.190116479387786308e+00
1.249298914184287623e+00
1.162563409547066717e+00
1.271183141443176012e+00
1.147041616774713058e+00
1.262548521531701384e+00
1.155887872647546333e+00
1.243871996949452496e+00
1.189513547909341051e+00
1.211994963656851443e+00
1.241325359736794809e+00
1.173667418559438680e+00
1.272098721855632775e+00
1.160557240751498131e+00
1.266310951324067569e+00
1.155565775160537711e+00
1.239381975297128458e+00
1.174821326925164611e+00
1.218229677607972850e+00
1.221429418907829190e+00
1.176695229177788349e+00
1.243048456621765663e+00
1.164397676758445854e+00
1.277450766864363096e+00
1.157018880564660623e+00
1.258095869547837475e+00
1.181276120780269334e+00
1.224577706368522367e+00
1.259915031361335869e+00
1.175013504464063940e+00
1.284180398926373146e+00
1.159405046004982509e+00
1.253281953585202002e+00
1.179332197785983638e+00
1.226495240926838592e+00
1.211795960576783404e+00
1.186214991200598590e+00
1.234722974857904720e+00
1.164770966654782081e+00
1.259491848183139640e+00
1.142925324880757598e+00
1.255764853470159537e+00
1.147450779077733740e+00
1.265926709113413207e+00
1.195161330446397274e+00
1.215732365159509998e+00
1.239048619958871500e+00
1.167053712000575061e+00
1.277917306376018747e+00
1.157603236978310912e+00
1.259063777816866958e+00
1.163343899481761090e+00
1.237363916769317562e+00
1.210581998766996570e+00
1.188528984184810344e+00
1.220210099353774336e+00
1.168568257764059926e+00
1.249267183681849636e+00
1.160330938790732569e+00
1.276352253891706479e+00
1.182849824439614173e+00
1.244936491896371900e+00
1.243581738697393746e+00
1.169736989489100543e+00
1.263997640522469101e+00
1.152474215222294873e+00
1.254468436754502925e+00
1.187561230549622149e+00
1.238128585879238353e+00
1.261345993787102326e+00
1.175247824161077981e+00
1.278118400785135167e+00
1.167592703703267398e+00
1.265558626973986023e+00
1.197257259980955002e+00
1.206315413420899985e+00
1.243403408656496012e+00
1.160452874448573368e+00
1.270578367266169018e+00
1.154623482010665780e+00
1.243321049058974115e+00
1.178604413190119882e+00
1.203930041519143845e+00
1.226333045771691665e+00
1.151854461980103217e+00
1.251259176003926443e+00
1.135454179919088702e+00
1.261059538792773882e+00
1.163719408360106566e+00
1.224856734931132785e+00
1.207079964773356773e+00
1.187266286557227213e+00
1.284672303071460853e+00
1.152451503094585217e+00
1.246695678040530053e+00
1.178895454410438859e+00
1.198671291251671267e+00
1.239527530996450189e+00
1.160414830819748611e+00
1.293595092783508926e+00
1.194086319873167712e+00
1.225825433577468537e+00
1.273653328008387042e+00
1.151250498296639169e+00
1.264353931641433837e+00
1.164730814026388339e+00
1.214295374269070082e+00
1.211899640549487067e+00
1.160085865915692294e+00
1.243167653740817391e+00
1.129744980357909157e+00
1.246074457114781930e+00
1.121467192059092843e+00
1.246615699236253150e+00
1.135571400211056403e+00
1.235724678880003147e+00
1.169981603876165677e+00
1.196672323222843559e+00
1.208438131085606715e+00
1.157917338206084779e+00
1.241039945188265436e+00
1.128812069427569398e+00
1.254823052213439816e+00
1.128628304853891429e+00
1.236018943247993773e+00
1.142249153412740803e+00
1.212672123057917606e+00
1.153788560400864416e+00
1.203800646981007638e+00
1.166632698746211894e+00
1.198871524004840206e+00
1.200265983510026224e+00
1.174455028805715395e+00
1.253990047689293341e+00
1.134606351999390750e+00
1.252729020296139195e+00
1.126003239365501951e+00
1.233401288242592431e+00
1.121899036663677851e+00
1.226985355981898174e+00
1.121965810919535400e+00
1.231268840499625927e+00
1.131334715511678635e+00
1.239515283888713126e+00
1.168338378574608649e+00
1.212141449134219284e+00
1.238311907080236196e+00
1.142596868641668539e+00
1.251088196628432847e+00
1.121154929864962124e+00
1.236973587518207740e+00
1.119290926263653008e+00
1.224757535110981843e+00
1.104086739351239466e+00
1.227139359939543262e+00
1.101950529696567260e+00
1.216235940437169427e+00
1.095945013444898475e+00
1.196840050932213906e+00
1.110303371689239649e+00
1.190252985685044118e+00
1.134421014667179151e+00
1.206832331966117167e+00
1.139581032609327638e+00
1.250071720630065997e+00
1.137232977038920234e+00
1.246346041868221954e+00
1.194752824275908676e+00
1.168880278876036849e+00
1.221552902292712739e+00
1.128285386965973025e+00
1.230578451481602054e+00
1.129687020352195370e+00
1.233126038449717354e+00
1.172317675063459408e+00
1.204750853462984939e+00
1.277980894255372091e+00
1.176080155817602391e+00
1.270559416025978106e+00
1.234542598405904634e+00
1.180359441305402601e+00
1.295895839094995949e+00
1.193801491299448125e+00
1.197238719565637100e+00
1.282069949243793028e+00
1.171570339390566762e+00
1.275999617884124415e+00
1.259929898054193309e+00
1.222341574722939361e+00
1.301602103197155635e+00
1.161226421407978604e+00
1.230584398485691011e+00
1.249357920297996749e+00
1.168880344289898510e+00
1.280285421369118604e+00
1.186261039803685469e+00
1.180193541035118310e+00
1.234274074443483249e+00
1.129390321855817669e+00
1.256119605522168836e+00
1.156275101279953699e+00
1.217136742152111983e+00
1.280343319854748474e+00
1.169365713282218611e+00
1.292128478244005230e+00
1.257566368710978155e+00
1.241730676514529730e+00
1.323938141725076623e+00
1.188336224291642873e+00
1.293946165700707418e+00
1.246483262273371917e+00
1.167067933217187159e+00
1.301425091497840247e+00
1.204699610077273997e+00
1.186962643591643829e+00
1.301591017287790475e+00
1.196798856219171592e+00
1.258977740538937962e+00
1.235876304015279370e+00
1.150815865941502203e+00
1.253978995227472470e+00
1.169007353002905480e+00
1.188623518763453291e+00
1.229102912161893713e+00
1.143131850843992492e+00
1.253649772202517720e+00
1.169399304082998636e+00
1.188778626923373327e+00
1.241894538423322203e+00
1.130436152938254946e+00
1.244257058544159911e+00
1.140482952694602981e+00
1.213209713240686494e+00
1.180843292322954596e+00
1.173829718743974349e+00
1.234805417068777222e+00
1.136956837122411246e+00
1.250455760232732194e+00
1.160212180152340844e+00
1.199665210427174333e+00
1.194065576671617279e+00
1.167714687862555056e+00
1.242198496552181286e+00
1.132854501117992685e+00
1.264805108964107694e+00
1.188647900714772110e+00
1.181495205375217461e+00
1.280140499297878875e+00
1.165560158108921662e+00
1.219975978086045520e+00
1.302546205180737937e+00
1.188277730961004419e+00
1.307879548575316964e+00
1.289105893788563550e+00
1.218328362869166792e+00
1.341889173590356421e+00
1.254577729416992193e+00
1.252522249627772810e+00
1.349872473101079606e+00
1.236989339440461633e+00
1.295286164225760928e+00
1.325799755995109575e+00
1.178924230420986374e+00
1.286816477604144193e+00
1.219567823099297676e+00
1.165323309215488212e+00
1.298735688144046163e+00
1.192041258444726637e+00
1.233878386458592269e+00
1.341182771754631631e+00
1.203852251424572861e+00
1.307999505131718143e+00
1.313933785151706335e+00
1.178092580316813409e+00
1.313832380270834488e+00
1.246554136014459635e+00
1.189830982478403465e+00
1.329775116779036370e+00
1.197519460303672734e+00
1.242993297420062149e+00
1.320841047839150573e+00
1.185572011313908103e+00
1.292773037107884937e+00
1.268836677048295281e+00
1.188558997492710878e+00
1.314734300124260624e+00
1.193240660861224711e+00
1.204865318526933349e+00
1.285788187737061161e+00
1.143104371707841516e+00
1.242341481917993651e+00
1.233477624039561293e+00
1.144335525564692535e+00
1.263155219593802725e+00
1.152964000870992711e+00
1.216626966935683951e+00
1.242900586030144749e+00
1.131343423000096049e+00
1.260930616247321723e+00
1.157769625332863095e+00
1.208770758051212146e+00
1.226472158112649868e+00
1.140209784581688535e+00
1.259454684694907955e+00
1.131016308669569259e+00
1.237043981994541797e+00
1.202100919285170155e+00
1.166228186843851988e+00
1.273077712573892795e+00
1.154147974488499040e+00
1.223582541141609692e+00
1.264974866047433810e+00
1.152284661970327084e+00
1.257030336507995116e+00
1.247592395088077621e+00
1.166755068242400606e+00
1.289675801328181270e+00
1.214584535779012597e+00
1.167730410696003807e+00
1.287422650762665377e+00
1.192535221767083708e+00
1.175468293771124939e+00
1.278544842623773770e+00
1.160608356896403404e+00
1.208168694945763288e+00
1.255040427770662381e+00
1.130880240641073176e+00
1.254402060733953439e+00
1.211067530138761228e+00
1.156046328037637183e+00
1.269424896082421927e+00
1.156572179757324292e+00
1.215148175354570537e+00
1.260646447141122728e+00
1.132449823575671699e+00
1.254073030338953343e+00
1.236393997247303256e+00
1.140762723250672739e+00
1.279932193864234069e+00
1.203892680619633726e+00
1.171671092182711149e+00
1.292109404634614434e+00
1.167424238388887980e+00
1.211361289348175552e+00
1.282395109899739483e+00
1.140793552661946153e+00
1.244677414451861086e+00
1.255933747445590942e+00
1.139428590850745326e+00
1.259119723010976077e+00
1.228384969229033619e+00
1.147740570011488659e+00
1.270247857476661135e+00
1.188548716306492725e+00
1.170432385672619091e+00
1.269470388301456198e+00
1.164432434179860643e+00
1.197389229231418994e+00
1.274956432954863494e+00
1.153610566596020348e+00
1.219844583710930630e+00
1.246995068084511216e+00
1.141438899554399145e+00
1.260578992272261445e+00
1.234140022817113325e+00
1.139783634003476820e+00
1.271127293505329714e+00
1.195825447677185238e+00
1.169602118629665233e+00
1.270317004257014437e+00
1.143218850731181124e+00
1.231963976045870712e+00
1.262928520079623640e+00
1.133370869231306699e+00
1.255793304023961054e+00
1.248722115438311686e+00
1.134976721180344983e+00
1.270596841026730539e+00
1.237657275812656277e+00
1.145690338683804654e+00
1.276519334801432759e+00
1.211762711407116777e+00
1.158758058032172578e+00
1.279546501762005573e+00
1.198240649652112522e+00
1.166100307255937718e+00
1.292416467029854132e+00
1.190750432671019876e+00
1.189876141082110150e+00
1.299407396385561908e+00
1.168226768780512348e+00
1.214239242039975686e+00
1.289818724582628029e+00
1.152958158003289268e+00
1.236177405032141019e+00
1.272860558985232204e+00
1.151291942857846973e+00
1.267888601893267131e+00
1.253320792990745947e+00
1.151153966513168259e+00
1.289669519715660906e+00
1.220459303692396968e+00
1.156478111425433442e+00
1.285726006224794604e+00
1.194404872025892184e+00
1.168206646431285689e+00
1.279343789728768721e+00
1.151741420507424563e+00
1.211561096022339745e+00
1.262115013046382739e+00
1.132078800399793250e+00
1.246257853260468673e+00
1.221260257821963569e+00
1.144737965427204518e+00
1.271962276096402222e+00
1.194572084433734638e+00
1.170056322542758709e+00
1.299952506079799841e+00
1.198915394063809980e+00
1.210665333616290917e+00
1.310376971784954936e+00
1.169299854270819283e+00
1.205389609897860481e+00
1.300105176672164298e+00
1.163486585831684295e+00
1.203305377707339474e+00
1.293663349942013818e+00
1.154133852378478986e+00
1.211645475459555366e+00
1.277095865243992989e+00
1.123194800914261604e+00
1.251033070827017646e+00
1.233088012703457803e+00
1.132952068482582231e+00
1.278054297380822435e+00
1.168002714597199843e+00
1.191111080748404882e+00
1.232014359603049725e+00
1.129516231576586538e+00
1.278480197082374925e+00
1.164070741724344771e+00
1.192192233444864025e+00
1.237544641467919870e+00
1.118197277108702536e+00
1.275245178482334429e+00
1.210310385520307674e+00
1.152027340258963362e+00
1.309479765821193409e+00
1.213943284496954655e+00
1.211750921178263773e+00
1.329761137739434274e+00
1.172482342132152633e+00
1.192418999311082750e+00
1.310266275743681152e+00
1.163339538244902549e+00
1.203625160471907707e+00
1.307944643427471743e+00
1.136508144758151317e+00
1.252369966349854424e+00
1.264337551250294123e+00
1.125191773218174207e+00
1.278909818513493946e+00
1.222635787514098071e+00
1.146043185356443006e+00
1.312861177260137291e+00
1.181558930806732244e+00
1.183269224019228849e+00
1.308368841557633111e+00
1.149024892042262547e+00
1.214341330285303444e+00
1.277062750088237664e+00
1.123058709374886943e+00
1.233986776011157360e+00
1.224179195604016890e+00
1.129487817875727496e+00
1.271549620328685348e+00
1.176779875764524474e+00
1.181429775053621123e+00
1.285806866046946384e+00
1.163905331908081431e+00
1.191547791770045883e+00
1.325630740595730828e+00
1.191583343045448773e+00
1.211933590148482898e+00
1.332161714885620629e+00
1.178079252274599087e+00
1.216753944287297440e+00
1.315358933255817764e+00
1.162926005029556453e+00
1.196973137623015715e+00
1.311382944213080659e+00
1.167092477243307780e+00
1.183584553719126520e+00
1.315041623111725899e+00
1.163156590622559605e+00
1.198288376760785923e+00
1.309572065255473650e+00
1.157456945439116147e+00
1.192611081179719701e+00
1.316424605255299030e+00
1.170184831693816818e+00
1.173278149639395140e+00
1.302750770735851882e+00
1.172944891010042845e+00
1.178831275930970923e+00
1.288990360132756141e+00
1.141012552108820133e+00
1.216110499980416426e+00
1.268126044467696278e+00
1.116018573509709455e+00
1.254392486013319541e+00
1.258225719467533255e+00
1.120226558573314657e+00
1.278615689785350451e+00
1.248110932129617767e+00
1.140050860946322686e+00
1.286313979082402303e+00
1.265828542900912179e+00
1.137732956919532024e+00
1.249409821282723154e+00
1.293260006415035468e+00
1.151421713257284152e+00
1.219311375940943520e+00
1.329217491985395183e+00
1.184526477245379850e+00
1.229487137905108218e+00
1.315465097843434794e+00
1.156632598657875821e+00
1.190234917652269964e+00
1.300706534942265291e+00
1.165288700640491726e+00
1.182785563789657157e+00
1.294654207586214634e+00
1.154883249199242012e+00
1.200414291788951315e+00
1.284781529182602133e+00
1.125816062919901661e+00
1.235785369302601078e+00
1.264523413580493250e+00
1.113724022280571324e+00
1.252589619071069249e+00
1.264639954986124692e+00
1.125673572110772014e+00
1.251324882752456569e+00
1.280866202746817395e+00
1.157539501245973046e+00
1.212900891215729970e+00
1.313763139722700091e+00
1.181446701704878643e+00
1.168855693610748592e+00
1.302165517724026778e+00
1.250340027227121009e+00
1.167087557353739147e+00
1.301185071041672137e+00
1.294950190652838673e+00
1.178758018022021403e+00
1.302214496352896989e+00
1.261696099803029325e+00
1.143827042095076907e+00
1.218369072404045239e+00
1.310345029555276097e+00
1.182327367569103727e+00
1.169240363431072627e+00
1.296686097163711082e+00
1.246054710478958105e+00
1.137069524311732360e+00
1.218106012269108307e+00
1.300394110688047222e+00
1.173509223407795288e+00
1.157594486037135662e+00
1.292303857295075575e+00
1.250759509413849946e+00
1.174319281852774122e+00
1.320924732383512268e+00
1.311433087386060903e+00
1.196564166461437706e+00
1.338954514485233949e+00
1.305948650677993816e+00
1.193780901802948602e+00
1.353975308172002734e+00
1.290752352351260956e+00
1.163629075183920669e+00
1.292501594180318625e+00
1.294726040458253014e+00
1.135480940305973130e+00
1.232919124562620761e+00
1.297737471854653934e+00
1.138267909962186852e+00
1.214011225345548173e+00
1.288820562289846539e+00
1.132972245122514154e+00
1.215070226595471370e+00
1.279545518091992129e+00
1.135189052263364973e+00
1.212521714816217067e+00
1.277274202205930687e+00
1.119418186623325928e+00
1.230590711288386263e+00
1.246392006038232525e+00
1.107299677490741541e+00
1.265738972477772339e+00
1.219444910926193337e+00
1.128396420418581680e+00
1.278429695223309626e+00
1.228511062365349460e+00
1.130632085647269580e+00
1.279687578192380437e+00
1.300869820859887227e+00
1.164714884222916913e+00
1.256549887286027900e+00
1.360350903217552254e+00
1.206158940870233787e+00
1.282405376806245778e+00
1.369034641630003657e+00
1.194943352688380589e+00
1.306465119999326907e+00
1.351194451274758901e+00
1.168618483756419968e+00
1.179760982954700665e+00
1.322236487252293369e+00
1.232053627141642460e+00
1.133398152219483368e+00
1.289500306928477835e+00
1.215236984508983209e+00
1.139286229920018600e+00
1.291117423516211504e+00
1.231668408250226943e+00
1.129772357107937664e+00
1.292792782157880405e+00
1.290322077595139838e+00
1.157676685623479917e+00
1.231829944249691833e+00
1.343740691104579055e+00
1.203030590517037091e+00
1.149369304069032927e+00
1.289182274684902207e+00
1.229733273096756951e+00
1.130521756085530738e+00
1.281586349326306218e+00
1.189166013590441828e+00
1.160196453965572916e+00
1.273310280214074997e+00
1.126540008550243721e+00
1.228462171497674893e+00
1.280250652964447289e+00
1.118456429676989439e+00
1.237576591346240429e+00
1.262359523771143577e+00
1.107196932190045890e+00
1.272761596806091244e+00
1.251345830040258900e+00
1.115678834275743769e+00
1.279350511142803626e+00
1.247592063594982204e+00
1.117914482347665217e+00
1.265806867396321644e+00
1.270987057982567725e+00
1.128993873482115440e+00
1.249939924451545004e+00
1.362652314684785093e+00
1.216350728077588927e+00
1.151369864248093178e+00
1.276461208660139457e+00
1.285624730686721895e+00
1.112231436024360365e+00
1.247322669427110897e+00
1.274981246024148307e+00
1.094996338673060121e+00
1.272270072893677773e+00
1.243490857191200449e+00
1.113785494363976891e+00
1.265352841660367211e+00
1.134272807626605317e+00
1.204594028543885198e+00
1.201323082580022739e+00
1.141221469335962357e+00
1.304145267799602603e+00
1.253596415824881127e+00
1.127758700320815155e+00
1.260052262074999430e+00
1.327013167601025945e+00
1.196505974176681031e+00
1.162879993884124552e+00
1.313069738720485047e+00
1.357214744318136823e+00
1.234450194912105392e+00
1.244616949913728510e+00
1.336100448134589724e+00
1.262906921586399500e+00
1.156534931112568776e+00
1.210099670444914288e+00
1.214701297721400675e+00
1.106228238272695341e+00
1.208646418871187844e+00
1.147713600832255931e+00
1.171453529465690258e+00
1.205003776908020408e+00
1.090027149673663098e+00
1.220909616767620776e+00
1.161575171293060649e+00
1.161016640047203063e+00
1.240658928848041409e+00
1.107958682146518603e+00
1.198687836534831908e+00
1.201870498761520745e+00
1.105703928124736724e+00
1.229091265091533769e+00
1.126112046378897613e+00
1.182001583626915764e+00
1.189527500755964695e+00
1.106890205854222931e+00
1.219172369776040155e+00
1.093378614253632586e+00
1.205012553200504488e+00
1.173141350313961384e+00
1.145274062680550431e+00
1.244750122729412212e+00
1.111307522600564202e+00
1.265975959571392639e+00
1.336243901509655441e+00
1.192818319957169360e+00
1.162223798158577903e+00
1.312011292899160964e+00
1.334783312501769403e+00
1.187187340828217197e+00
1.269861358492779813e+00
1.325383118304053864e+00
1.116715829238559499e+00
1.117981127189640489e+00
1.124843839093685682e+00
1.099765926539139071e+00
1.112766979635149589e+00
1.111435381238598419e+00
1.090757060616575513e+00
1.113619153144425056e+00
1.096607015772998128e+00
1.095769318014078619e+00
1.111371327536561315e+00
1.084014942455324926e+00
1.102630810530874639e+00
1.100088559492470086e+00
1.082886748772149632e+00
1.108731035110337437e+00
1.087911636758807754e+00
1.100745587151656268e+00
1.105516285408979726e+00
1.094798785296888122e+00
1.116034423723796021e+00
1.093835059542732857e+00
1.117327989000011845e+00
1.097525145935668744e+00
1.114668595635573523e+00
1.096718773926255164e+00
1.107761176287595850e+00
1.111419629298892486e+00
1.100307823127417928e+00
1.151261334883658671e+00
1.129439077333211694e+00
1.178100699928049444e+00
1.204862211214779544e+00
1.168529506868439372e+00
1.232075685929507225e+00
1.158228894088729533e+00
1.224479044590070842e+00
1.170946028372834347e+00
1.189822624722472133e+00
1.227345796512041121e+00
1.217309605120785454e+00
1.339255663505458660e+00
1.333551146003137955e+00
1.313318100049848836e+00
1.373053670484214894e+00
1.287867228209183423e+00
1.285436986296897732e+00
1.360944148289254807e+00
1.303718639020839509e+00
1.290538512959162887e+00
1.360600957678145484e+00
1.302162869020968561e+00
1.237894351796817949e+00
1.245246696250905893e+00
1.304658020800483653e+00
1.350490114245932238e+00
1.271336320166364109e+00
1.225155900605902737e+00
1.266227090872934502e+00
1.295084791607933328e+00
1.255414258877563194e+00
1.202625550793734899e+00
1.277608100319215234e+00
1.303608685945527812e+00
1.263822224283676965e+00
1.196697425939531101e+00
1.262935207513639746e+00
1.243714903182126630e+00
1.222903191243388976e+00
1.218669805924210037e+00
1.192079997693308080e+00
1.225694168661993322e+00
1.170054739048069115e+00
1.229627755819507229e+00
1.211136655811376084e+00
1.252961555296245866e+00
1.337952321129689537e+00
1.270441615045130312e+00
1.224884564624519223e+00
1.323906255011160216e+00
1.331111501927194629e+00
1.168654889737092306e+00
1.185868875358115915e+00
1.324146358077275210e+00
1.290324380825006667e+00
1.211033937853749576e+00
1.342937116835212885e+00
1.406847682592843762e+00
1.275122196987287682e+00
1.410504643962493976e+00
1.401976953138046600e+00
1.313180711599273298e+00
1.429728981510139940e+00
1.447782826559580682e+00
1.316677734532897492e+00
1.350403781948134707e+00
1.477749635378006410e+00
1.391797511324517123e+00
1.331588513209537528e+00
1.472529144714004534e+00
1.482136958911536739e+00
1.315859895134716906e+00
1.352259864125561650e+00
1.483242575926922546e+00
1.367402710341952599e+00
1.303503490268455689e+00
1.483372995055453281e+00
1.525813787848558256e+00
1.384363948110633569e+00
1.369376979812132911e+00
1.471193760195155020e+00
1.334121957348263221e+00
1.312821903507644050e+00
1.449293524751907647e+00
1.327851051575456465e+00
1.310757972873212385e+00
1.473820954369259750e+00
1.394348812556204686e+00
1.343962299973700203e+00
1.487651074233666604e+00
1.426074023141541192e+00
1.279724999190939849e+00
1.409552600939568023e+00
1.473873561762269357e+00
1.325387456860848356e+00
1.341173473532957239e+00
1.498063675911069703e+00
1.478225549230808955e+00
1.321940861050614036e+00
1.390580186211757718e+00
1.468164972039938787e+00
1.297843448215842743e+00
1.234218409628818902e+00
1.351274698168823951e+00
1.368661563700653394e+00
1.193837262910571129e+00
1.309608786168097394e+00
1.404212181876589360e+00
1.203406705803795163e+00
1.275061297361579138e+00
1.476488831503342203e+00
1.337111618153034698e+00
1.195900774984414827e+00
1.437941181098107757e+00
1.507465260471738899e+00
1.386009549453566914e+00
1.253296060428383596e+00
1.424805754823792681e+00
1.509244651914797286e+00
1.473080802841452597e+00
1.273101830204430129e+00
1.273018788320196437e+00
1.501410731237392993e+00
1.565436929147804523e+00
1.450656659732159293e+00
1.313715960857738896e+00
1.407939452237661371e+00
1.313487496275826949e+00
1.177223657595738660e+00
1.286725812827429039e+00
1.358702297515625323e+00
1.353086835311431146e+00
1.273383757718388187e+00
1.216774938742694712e+00
1.371413718518827540e+00
1.365427721632459734e+00
1.213711854667705481e+00
1.283231449363058552e+00
1.365013754216043651e+00
1.350217411497239173e+00
1.276866668995403131e+00
1.230246900204603255e+00
1.346828648528432204e+00
1.435142971325826133e+00
1.301320121269613050e+00
1.318161188165755116e+00
1.440640657006724279e+00
1.309181313138429559e+00
1.195637695159591729e+00
1.292620869646631476e+00
1.267879990924505318e+00
1.155148042672188957e+00
1.291739185098516485e+00
1.387745798737394454e+00
1.356712996501826529e+00
1.385690211284099416e+00
1.393205506737275945e+00
1.393436234444325628e+00
1.394212243304663978e+00
1.360801657639795437e+00
1.425315939905774654e+00
1.328619176041565320e+00
1.369565973521029711e+00
1.392175475163155207e+00
1.342842755856198167e+00
1.437667788300998506e+00
1.359856712007073920e+00
1.419391963712050897e+00
1.394745048025386014e+00
1.383791557901510094e+00
1.421083856974017623e+00
1.293092205004065631e+00
1.205404730009930869e+00
1.266423994339154646e+00
1.206455721150138327e+00
1.271893717616801700e+00
1.344199317729100507e+00
1.400525338910431516e+00
1.352534610551218375e+00
1.428035146203423311e+00
1.331694667638161356e+00
1.400574180562118576e+00
1.324410004981238620e+00
1.158899557542350411e+00
1.231784232476873076e+00
1.275918757760001077e+00
1.163550390513599764e+00
1.298347867244884046e+00
1.415669755495610360e+00
1.318200642321554206e+00
1.365459860001393633e+00
1.473101835646895230e+00
1.450674123796475978e+00
1.277244248213435185e+00
1.231196000806718205e+00
1.421535735034635151e+00
1.516456077139350045e+00
1.464713784145181830e+00
1.282379190414172365e+00
1.200442910542353969e+00
1.392720703007691130e+00
1.474128414389519248e+00
1.413638362180153596e+00
1.264409871925257223e+00
1.243689328857924492e+00
1.304660829845594838e+00
1.226550183977145991e+00
1.166072471524495890e+00
1.247092648952720095e+00
1.141994808968922692e+00
1.269125211961043220e+00
1.243002110008754046e+00
1.216740212647967834e+00
1.347329368259618798e+00
1.458015727489078373e+00
1.518827221819299522e+00
1.548703520663130551e+00
1.479789234811167864e+00
1.367758413119388949e+00
1.233589997153694773e+00
1.235876184315105819e+00
1.361361857567652045e+00
1.411527292528105715e+00
1.313713334221203510e+00
1.316226710924122356e+00
1.415883875656609447e+00
1.389677342471610899e+00
1.255603274374497813e+00
1.195854799325358320e+00
1.320315028321127127e+00
1.381884035253847731e+00
1.314609775342254316e+00
1.168811281696192861e+00
1.250871455761292106e+00
1.249571274554607703e+00
1.128623892041137111e+00
1.272265798215677535e+00
1.181355445712359398e+00
1.188216538534764499e+00
1.301795543690208001e+00
1.189544229728693558e+00
1.204488567586937009e+00
1.338400978273129649e+00
1.347597069904254319e+00
1.223777485813204668e+00
1.156354234390580826e+00
1.305949871634993320e+00
1.201475237492840353e+00
1.175230311731099153e+00
1.328876922321891474e+00
1.381865382840570033e+00
1.335747450336075781e+00
1.342603296232088184e+00
1.431505939578645803e+00
1.490561453935494329e+00
1.505373618113099887e+00
1.390895420980106767e+00
1.172871311790458115e+00
1.283149803237460640e+00
1.424120674643839957e+00
1.345172065487334478e+00
1.187460115346558931e+00
1.322513664511631992e+00
1.424350327996760424e+00
1.360596396430064248e+00
1.303453153851424462e+00
1.213625306381046265e+00
1.251129426765576591e+00
1.183140525344205995e+00
1.238281543953284825e+00
1.179581088402739342e+00
1.237702242276477849e+00
1.184968713515623939e+00
1.230305279984154732e+00
1.202720482500516441e+00
1.241801373149168386e+00
1.257118812777151540e+00
1.195913090893527597e+00
1.253396428830077181e+00
1.155816180742648802e+00
1.188421317111492126e+00
1.210281012678538159e+00
1.111629987962700294e+00
1.160752256109909286e+00
1.205750514243403737e+00
1.149851198984126244e+00
1.122148456113760240e+00
1.196730923683650305e+00
1.196972645412652358e+00
1.073121536316465896e+00
1.172301659728986367e+00
1.121408776314793077e+00
1.141868890324354124e+00
1.153877247022252917e+00
1.103815512609312544e+00
1.182001155557208749e+00
1.096416373799547817e+00
1.169422851957253595e+00
1.239553378437832531e+00
1.118090456703776825e+00
1.167655137161343948e+00
1.273379624280438271e+00
1.191657582702484230e+00
1.300772905893030407e+00
1.238659255183549357e+00
1.189153815026953165e+00
1.264879905712334773e+00
1.150968414540856077e+00
1.119809230867379490e+00
1.242279453190175076e+00
1.260583800590632020e+00
1.171380275311343144e+00
1.295907115019533595e+00
1.266504502484179229e+00
1.185806982702112933e+00
1.287045752877363114e+00
1.167952978203254943e+00
1.117302543455260366e+00
1.200651000692009474e+00
1.218623939895851827e+00
1.096205251080902165e+00
1.173818401898318653e+00
1.289179086687882725e+00
1.159184949977823509e+00
1.127000873547301163e+00
1.270410442182666966e+00
1.181887862173635506e+00
1.110566233494758137e+00
1.308011732331792132e+00
1.372623974400979607e+00
1.237885961811922897e+00
1.088252069753889550e+00
1.301155956910239997e+00
1.303619433130381866e+00
1.124367956556490356e+00
1.167335249673157938e+00
1.325401469746315009e+00
1.342288908461136909e+00
1.267002100750448390e+00
1.156215619412840567e+00
1.300359911363748955e+00
1.416160885928356317e+00
1.303089581086734228e+00
1.117932161392341639e+00
1.162223518427238034e+00
1.246073601380220719e+00
1.071535514741083661e+00
1.049030688249657395e+00
1.188640437830818186e+00
1.109419598126063500e+00
1.161024452213541558e+00
1.078968242905207209e+00
1.167663997157048827e+00
1.035587678568685499e+00
1.144569881139569034e+00
1.130080290580133040e+00
1.037197684347678450e+00
1.085371915496435413e+00
1.142797629329175946e+00
1.098780854888640190e+00
1.035386605378601610e+00
1.116494260863089671e+00
1.138237880973963279e+00
1.068118490620042049e+00
1.040748626858767345e+00
1.103516238025013196e+00
1.125467363736718740e+00
1.104692531380204290e+00
1.041512838437344657e+00
1.065400648062221789e+00
1.126893278780651819e+00
1.115005880394208670e+00
1.042875356309803214e+00
1.087456106005330936e+00
1.138091404688248209e+00
1.090073781204789372e+00
1.035276002668964912e+00
1.100140537080158021e+00
1.129415630575141938e+00
1.096418797950779123e+00
1.034649323455876457e+00
1.050928777104927603e+00
1.106038891863525331e+00
1.124689846583207586e+00
1.087883480710896134e+00
1.036434474691021013e+00
1.089633387198646997e+00
1.131174655914890081e+00
1.081538454144568284e+00
1.047963218849747857e+00
1.119598988377164650e+00
1.118193464734373421e+00
1.049969721343527729e+00
1.073751563976348189e+00
1.131586322617219587e+00
1.099526329776948419e+00
1.034399980187419521e+00
1.104816904508648889e+00
1.131933523746279091e+00
1.057213665892330567e+00
1.087791696844278233e+00
1.139110663100343368e+00
1.061402594624659024e+00
1.095752659608841828e+00
1.140113192192682590e+00
1.052659856297312180e+00
1.107924095005760945e+00
1.139069894370277947e+00
1.033383103267823344e+00
1.128722925467911198e+00
1.118134997106972062e+00
1.038861920538313166e+00
1.083286132764814225e+00
1.126832272150134484e+00
1.087349277094350919e+00
1.035353137270070611e+00
1.076151503884363203e+00
1.115057876203775722e+00
1.106720107049553592e+00
1.055670744648219417e+00
1.041996743512960899e+00
1.107211699260568061e+00
1.119159131237769778e+00
1.056592206920176080e+00
1.057853018200436424e+00
1.119131465233620393e+00
1.106466199046707066e+00
1.039457721330035778e+00
1.085126590343157060e+00
1.120533616917620767e+00
1.091349861610531269e+00
1.034666828440492292e+00
1.074319539272647450e+00
1.114667522674759992e+00
1.102863543230033772e+00
1.115052255630491151e+00
1.112962932295012530e+00
1.033538864903750465e+00
1.087705598346453861e+00
1.116868590473186540e+00
1.081254804204907716e+00
1.030926346220394141e+00
1.095218833055612739e+00
1.117136149183783012e+00
1.068435255075949053e+00
1.032027922984862345e+00
1.076316384232773204e+00
1.104022073094684142e+00
1.096415309978792774e+00
1.056993637934173336e+00
1.033911588010788529e+00
1.082225386139204160e+00
1.112013977485290406e+00
1.077207431192594100e+00
1.039058794301142674e+00
1.108598444827531226e+00
1.102050859190679022e+00
1.039634441033460366e+00
1.104648821539629067e+00
1.105475583581087218e+00
1.054924870011086480e+00
1.124776412366901512e+00
1.044049136117139565e+00
1.106243356595302929e+00
1.098162500045750667e+00
1.038211635495223328e+00
1.106283740203611643e+00
1.099490777380524698e+00
1.044881657169377975e+00
1.122573703201878548e+00
1.059470689785091846e+00
1.141091239969088234e+00
1.045954487383512266e+00
1.153701734596261907e+00
1.188380529722437684e+00
1.124046531759655299e+00
1.088365041082541840e+00
1.173891591924923983e+00
1.178205824705336191e+00
1.066990694751446034e+00
1.139845088755928604e+00
1.204391930745422057e+00
1.136067503087807795e+00
1.064444856670755835e+00
1.182850813801119783e+00
1.160116823127749663e+00
1.048473167710825882e+00
1.193248667241237682e+00
1.151781039831863751e+00
1.057399629506728944e+00
1.172049168411441800e+00
1.186877202590909564e+00
1.070682151516713088e+00
1.141367835251575480e+00
1.209696782415871974e+00
1.137661296977603653e+00
1.077962449105941189e+00
1.166929110405476866e+00
1.198975761924044647e+00
1.131334257352366368e+00
1.083848281191056362e+00
1.170155167917970251e+00
1.192259615322435184e+00
1.113791618389786464e+00
1.113495401500781856e+00
1.157264985809890234e+00
1.034758345197804630e+00
1.147549538349796450e+00
1.038068027272304406e+00
1.134872245378463429e+00
1.044758768814430860e+00
1.143205384002519143e+00
1.049183558923933557e+00
1.156618423614379276e+00
1.087996977576008995e+00
1.132850525942360687e+00
1.198201431578514997e+00
1.164379474403113512e+00
1.039668848129754908e+00
1.177379341841087390e+00
1.200325577251974085e+00
1.184711103087489503e+00
1.189571016408108806e+00
1.192116931762293497e+00
1.160062433176197061e+00
1.026560030262389178e+00
1.156698542935232776e+00
1.068919131173388548e+00
1.144477986316471574e+00
1.181621045253715474e+00
1.203934501948159541e+00
1.174901540440177916e+00
1.191764601815757718e+00
1.191779875824028556e+00
1.166442206506107526e+00
1.053958665755819757e+00
1.140154458370193913e+00
1.034019563349352744e+00
1.107464437241088007e+00
1.120909765739573238e+00
1.029292735003467962e+00
1.145743804626647711e+00
1.031861880843231383e+00
1.144281167038975644e+00
1.054056182869107294e+00
1.159745116084611727e+00
1.033477615696587693e+00
1.138601588899246231e+00
1.052658784214221432e+00
1.105621205594099044e+00
1.121813837246837808e+00
1.057862757234456108e+00
1.134280453475795980e+00
1.034407188305653813e+00
1.121324814794394165e+00
1.100050540675550304e+00
1.052394716266535468e+00
1.129514790555546710e+00
1.056204935393354027e+00
1.055532935634945213e+00
1.126215014149410276e+00
1.057042662021727253e+00
1.055351874628608577e+00
1.128492303839215616e+00
1.051070378038987840e+00
1.127112426410790347e+00
1.092446284178032911e+00
1.153443741178016735e+00
1.027497984514818441e+00
1.155768481667627023e+00
1.208485546280648304e+00
1.168589583166242951e+00
1.020989674895101507e+00
1.148559476167351212e+00
1.023976471530626986e+00
1.143510635785757623e+00
1.048167008902862074e+00
1.172133146539042325e+00
1.205463847947344069e+00
1.169155885691933738e+00
1.217142229076961568e+00
1.155997764240336512e+00
1.045231903856187472e+00
1.131699862187001138e+00
1.051415772684625161e+00
1.087334300868527226e+00
1.119480630192909887e+00
1.037381080069966766e+00
1.108223886040691886e+00
1.108155493460008412e+00
1.067206588194859584e+00
1.131097261776846663e+00
1.040260974205812206e+00
1.134583523129981897e+00
1.041758655938478384e+00
1.124810126850211311e+00
1.082360044436499580e+00
1.052687350220294471e+00
1.125107569944695296e+00
1.052326549416996437e+00
1.109423638103210985e+00
1.108775857763495853e+00
1.099582692000855566e+00
1.122629162521045387e+00
1.218333262544411877e+00
1.154679917608399720e+00
1.058963537104484320e+00
1.204214467716739456e+00
1.164137168633552211e+00
1.041982230499112205e+00
1.188984270042827252e+00
1.175355447770521256e+00
1.029256163422060721e+00
1.189697064101563395e+00
1.177903199115485577e+00
1.027092344204626473e+00
1.203093190028390991e+00
1.161613981465968060e+00
1.063226460326764489e+00
1.197301079796887491e+00
1.185552906130175943e+00
1.040350309633046866e+00
1.164057613498776123e+00
1.225928306561816727e+00
1.160686570683636454e+00
1.050344618186890067e+00
1.198002326444647103e+00
1.185592686781956173e+00
1.033786768432826797e+00
1.172758415466220505e+00
1.210293709593907252e+00
1.064153654448918074e+00
1.152575906516231097e+00
1.126157994255237327e+00
1.112686809046386394e+00
1.136016216456706918e+00
1.087373512607092474e+00
1.168086355798211962e+00
1.063651098324984057e+00
1.149374029178545475e+00
1.245201724825677925e+00
1.125294544710996991e+00
1.109321712785879877e+00
1.244610911997922509e+00
1.150109617268138207e+00
1.067063359782475240e+00
1.163255066115846947e+00
1.016469455492481355e+00
1.157035867392232298e+00
1.017435999608197639e+00
1.169562947814745346e+00
1.228205627439687753e+00
1.155931104133732568e+00
1.044574306388972529e+00
1.136869327611391034e+00
1.088190221344065955e+00
1.134561752944899027e+00
1.096084075568232841e+00
1.163804740123640435e+00
1.252501530033366617e+00
1.147804381143391117e+00
1.078535119117398633e+00
1.251891303748108086e+00
1.138557402098495874e+00
1.105023732259652558e+00
1.265312630234249891e+00
1.067256118020533329e+00
1.147793239141694732e+00
1.246987055274983769e+00
1.095656224849540505e+00
1.134332081822914340e+00
1.254057748802753558e+00
1.079877790959148598e+00
1.143065816613527907e+00
1.249891969401887737e+00
1.037627509458928010e+00
1.161136603718534444e+00
1.220416299166299678e+00
1.030995419914062516e+00
1.164713478958850246e+00
1.214148965886388654e+00
1.029692633943751767e+00
1.168606686154742835e+00
1.207959850263965018e+00
1.013246890865352912e+00
1.207825136757846529e+00
1.167011486365329365e+00
1.049710525127982574e+00
1.230110104841168228e+00
1.150523449577230517e+00
1.067879529083272550e+00
1.255950043734817667e+00
1.138264405353289099e+00
1.091656180818953548e+00
1.260032230073628856e+00
1.088963429442513453e+00
1.147225518525696097e+00
1.238764877247849228e+00
1.009331188445063754e+00
1.170879492585753745e+00
1.205114283697479527e+00
1.025528037219983535e+00
1.152939641209198562e+00
1.009108192083732369e+00
1.167712786536051039e+00
1.230107141800518278e+00
1.106528191641204195e+00
1.126919272984229670e+00
1.024305349189732706e+00
1.145968530121249440e+00
1.038914943853606054e+00
1.062445777348538956e+00
1.137259306631743350e+00
1.032740796460281274e+00
1.039083719838294062e+00
1.138833903411313520e+00
1.035886751121564808e+00
1.103641162101977491e+00
1.121415123535448588e+00
1.056106171744184863e+00
1.139450471620312655e+00
1.023133736793651938e+00
1.146819613359433720e+00
1.019747099033877502e+00
1.131215813256544189e+00
1.071592684551903929e+00
1.047591202705789426e+00
1.137988781067352573e+00
1.016363420395927974e+00
1.149168173885078748e+00
1.022684275314946323e+00
1.175650338462244981e+00
1.273245467625699234e+00
1.110277561337894792e+00
1.117171882984607123e+00
1.282560823006835271e+00
1.157580558358003220e+00
1.033432324445127559e+00
1.222041461611982793e+00
1.186117283518856258e+00
1.000230619346946570e+00
1.221893852600653974e+00
1.205704336853212766e+00
1.004012536632703512e+00
1.166495619913083814e+00
1.282913277183938217e+00
1.124767978489336073e+00
1.109264048061954444e+00
1.272595379746223276e+00
1.173754306741539688e+00
9.996142333119953927e-01
1.182953707423874068e+00
1.264431624012378075e+00
1.084617060191817250e+00
1.141779337973400255e+00
1.297801048072988683e+00
1.161359070697153051e+00
1.004543144230454654e+00
1.207388702475750364e+00
1.289167126048527123e+00
1.071229521091582537e+00
1.148433667515751821e+00
1.330448832990120067e+00
1.159165076865815047e+00
1.021567116083587745e+00
1.245085023068470687e+00
1.263247497575819445e+00
1.008611184281164252e+00
1.197027463234290323e+00
1.296624053571493018e+00
1.033443104314009542e+00
1.172336968869406526e+00
1.290658813732018517e+00
1.054002940518469877e+00
1.145906088145084434e+00
1.285171003803349699e+00
1.158427490917646629e+00
1.021292818446437600e+00
1.083995421121578762e+00
1.130929199658399664e+00
1.000515699633231836e+00
1.117868718041896248e+00
1.109328640119424891e+00
1.006735223308848237e+00
1.140043921598225207e+00
1.055993087092104377e+00
1.076971566734362673e+00
1.135725069482800498e+00
9.992768015265953707e-01
1.107991263986608965e+00
1.122256182679521208e+00
9.962438034593021907e-01
1.108504880938166570e+00
1.123169234606001599e+00
9.967502225849188546e-01
1.164597486860587283e+00
1.276755356566555477e+00
1.115258491243606986e+00
1.113407668594399436e+00
1.012509079471451967e+00
1.090941669280057091e+00
1.118889535554239423e+00
1.038856386711799251e+00
1.023282788803324905e+00
1.103446073748890921e+00
1.106711439602263036e+00
1.023628152978882877e+00
1.033623867210726299e+00
1.115130609501386649e+00
1.091086423633352398e+00
1.009275436957696392e+00
1.102077227146521565e+00
1.107194281142998893e+00
1.020652851565045705e+00
1.067250476351899069e+00
1.119256686594710892e+00
1.030342525684684762e+00
1.037224607356431516e+00
1.118569588170166273e+00
1.060947137586393474e+00
1.027830400743351413e+00
1.125241621531875902e+00
1.045268398139181043e+00
1.032045681843000828e+00
1.122346612077359085e+00
1.047578523424095298e+00
1.020858569561088558e+00
1.118038997344831253e+00
1.065348823131642808e+00
1.007526759064322874e+00
1.106287360453820368e+00
1.087740755483781019e+00
1.010167686481670213e+00
1.120167770732804824e+00
1.070524498241422151e+00
1.063382834741008143e+00
1.122246187257677219e+00
1.010483751974463384e+00
1.131531218344049572e+00
1.032423008268907871e+00
1.142804293859351450e+00
1.013727187870797630e+00
1.136764013362430825e+00
1.030261741150037658e+00
1.156705021554647939e+00
1.312859045027471083e+00
1.162154607782362792e+00
1.310515276751287539e+00
1.172737313099478484e+00
1.311012339254901571e+00
1.151073745721811203e+00
1.309437720268935790e+00
1.170303172039631523e+00
1.260608188398117946e+00
1.240445294027519019e+00
1.033790981839029621e+00
1.143189436149160798e+00
1.298706727407833217e+00
1.163743248098091154e+00
1.282540351667021072e+00
1.179463346318438077e+00
1.219311462468152030e+00
1.268923269690099387e+00
1.163771229095365012e+00
1.284466094958310434e+00
1.197586314448463973e+00
1.183633938967207921e+00
1.281521851920419675e+00
1.163407154416746581e+00
1.245391189111848984e+00
1.068518847757513379e+00
1.124361169847145847e+00
1.137392035888030062e+00
1.035457322371733824e+00
1.153774053025655943e+00
1.270427324094816957e+00
1.198725389937062680e+00
1.179954280394090560e+00
1.283520862663973139e+00
1.175918193141259005e+00
1.236770768683359112e+00
1.226305583532239396e+00
1.166670446302571218e+00
1.266083991537100939e+00
1.240173922806731666e+00
1.166545701593195705e+00
1.280013352864443288e+00
1.172443933105133063e+00
1.223211227906699783e+00
1.275413724274666150e+00
1.173318912175834727e+00
1.219357530281064417e+00
1.276956390844690814e+00
1.175903304130715199e+00
1.243991602010477759e+00
1.266068637989011147e+00
1.173203831738243608e+00
1.285914850079932448e+00
1.169269146710068874e+00
1.259056020587159264e+00
1.151647801731604748e+00
1.291623986681354586e+00
1.342909444140245379e+00
1.331997201872434644e+00
1.312285665600500639e+00
1.368181462495141387e+00
1.329650862471719597e+00
1.387885143345003014e+00
1.363173069685505778e+00
1.381103118583779876e+00
1.406945564593991227e+00
1.434999417271960898e+00
1.352404096490440244e+00
1.422775892556141786e+00
1.346424342589596757e+00
1.412720690035552007e+00
1.316403794359948698e+00
1.414131268202929004e+00
1.351183650249168089e+00
1.447995983362721839e+00
1.412201752257500553e+00
1.391519011922855098e+00
1.472619227676108533e+00
1.533989853755109767e+00
1.497186800639431103e+00
1.350490867085423652e+00
1.492106005390554158e+00
1.593200659980609224e+00
1.507734087815473245e+00
1.375339425842825758e+00
1.426650188601237712e+00
1.547551651493876301e+00
1.563793956103051386e+00
1.546604358220820652e+00
1.680372187111314641e+00
1.889281389404995348e+00
2.198935401687659219e+00
2.579069591246302195e+00
2.824551488406186639e+00
2.727246179848982433e+00
2.454445765244613220e+00
2.266033235218964048e+00
2.247754005682893297e+00
2.427602054220569183e+00
2.704314885659066192e+00
2.920616074307156307e+00
2.836214917907458055e+00
2.627963385632118953e+00
2.527741626095179051e+00
2.629377258952191099e+00
2.750422255400385652e+00
2.830967501173172085e+00
2.833426669079076365e+00
2.830835035515791631e+00
2.801087586992247580e+00
2.654729421726708782e+00
2.461514892857695536e+00
2.373206996088110365e+00
2.477766912879002081e+00
2.637271554497795822e+00
2.729656145751168328e+00
2.639699176961642468e+00
2.421334015790614913e+00
2.353996240345802793e+00
2.519544736451060807e+00
2.771136190166570312e+00
2.949414500901195613e+00
3.016884951831532824e+00
3.017993033092883692e+00
2.851735508586827450e+00
2.645898902687080945e+00
2.520922965092035284e+00
2.615643164753158612e+00
2.856024419849944262e+00
3.154907862002465979e+00
3.353385523174282401e+00
3.307314537739335147e+00
3.115682654570521404e+00
2.905493008472014083e+00
2.838693907283949436e+00
1.214168448649438625e+00
1.166366022644800937e+00
1.110865816431557240e+00
1.269307557457319380e+00
1.161265454514243567e+00
1.121553422243543485e+00
1.260059219181535628e+00
1.119073316974511290e+00
1.161163207095718963e+00
1.215787324673062830e+00
1.067062799349034918e+00
1.177487764047505214e+00
1.189309483234024523e+00
1.047881789874256064e+00
1.041308907873228051e+00
1.100907804102034593e+00
1.117585846232486801e+00
1.063912000129095370e+00
1.062337384733480272e+00
1.126768904953574735e+00
1.078741257396328201e+00
1.125579108411401963e+00
1.104779456123901937e+00
1.121889925182735004e+00
1.109179204907736915e+00
1.140791088819719468e+00
1.034307523820924724e+00
1.149891635644336052e+00
1.170238720316244097e+00
1.194134526979736322e+00
1.175354451129821287e+00
1.197519067579437158e+00
1.178894645736870306e+00
1.190411068733770339e+00
1.185642615728504490e+00
1.192259166827317696e+00
1.188191150912201843e+00
1.182940830621250550e+00
1.198240747109619253e+00
1.181073018914445383e+00
1.202877775377841019e+00
1.197167959004237447e+00
1.146857885614312123e+00
1.147592915268385916e+00
1.134436350081858613e+00
1.149654661174865478e+00
1.135374010705396008e+00
1.152662479059268330e+00
1.208302420923941911e+00
1.227182118418560952e+00
1.159065593988819254e+00
1.155224236244132729e+00
1.128043427960475409e+00
1.137992703657197957e+00
1.404508955451020169e+00
1.245169473525648662e+00
1.296912918903631251e+00
1.418757636029578828e+00
1.322530128432154228e+00
1.335418957952746677e+00
1.448289841476290363e+00
1.341439477021006521e+00
1.353724441288640667e+00
1.482373192239956339e+00
